numberOfPlaces10
[
  {"roll": [0, 0, 0, 0, 0, 0, 0, 0, 0, 1], "sum": 1},
  {"roll": [1, 0, 0, 0, 0, 0, 0, 0, 0, 1], "sum": 2},
  {"roll": [0, 1, 0, 0, 0, 0, 0, 0, 0, 1], "sum": 2},
  {"roll": [1, 1, 0, 0, 0, 0, 0, 0, 0, 1], "sum": 3},
  {"roll": [0, 0, 1, 0, 0, 0, 0, 0, 0, 1], "sum": 2},
  {"roll": [1, 0, 1, 0, 0, 0, 0, 0, 0, 1], "sum": 3},
  {"roll": [0, 1, 1, 0, 0, 0, 0, 0, 0, 1], "sum": 3},
  {"roll": [1, 1, 1, 0, 0, 0, 0, 0, 0, 1], "sum": 4},
  {"roll": [0, 0, 0, 1, 0, 0, 0, 0, 0, 1], "sum": 2},
  {"roll": [1, 0, 0, 1, 0, 0, 0, 0, 0, 1], "sum": 3},
  {"roll": [0, 1, 0, 1, 0, 0, 0, 0, 0, 1], "sum": 3},
  {"roll": [1, 1, 0, 1, 0, 0, 0, 0, 0, 1], "sum": 4},
  {"roll": [0, 0, 1, 1, 0, 0, 0, 0, 0, 1], "sum": 3},
  {"roll": [1, 0, 1, 1, 0, 0, 0, 0, 0, 1], "sum": 4},
  {"roll": [0, 1, 1, 1, 0, 0, 0, 0, 0, 1], "sum": 4},
  {"roll": [1, 1, 1, 1, 0, 0, 0, 0, 0, 1], "sum": 5},
  {"roll": [0, 0, 0, 0, 1, 0, 0, 0, 0, 1], "sum": 2},
  {"roll": [1, 0, 0, 0, 1, 0, 0, 0, 0, 1], "sum": 3},
  {"roll": [0, 1, 0, 0, 1, 0, 0, 0, 0, 1], "sum": 3},
  {"roll": [1, 1, 0, 0, 1, 0, 0, 0, 0, 1], "sum": 4},
  {"roll": [0, 0, 1, 0, 1, 0, 0, 0, 0, 1], "sum": 3},
  {"roll": [1, 0, 1, 0, 1, 0, 0, 0, 0, 1], "sum": 4},
  {"roll": [0, 1, 1, 0, 1, 0, 0, 0, 0, 1], "sum": 4},
  {"roll": [1, 1, 1, 0, 1, 0, 0, 0, 0, 1], "sum": 5},
  {"roll": [0, 0, 0, 1, 1, 0, 0, 0, 0, 1], "sum": 3},
  {"roll": [1, 0, 0, 1, 1, 0, 0, 0, 0, 1], "sum": 4},
  {"roll": [0, 1, 0, 1, 1, 0, 0, 0, 0, 1], "sum": 4},
  {"roll": [1, 1, 0, 1, 1, 0, 0, 0, 0, 1], "sum": 5},
  {"roll": [0, 0, 1, 1, 1, 0, 0, 0, 0, 1], "sum": 4},
  {"roll": [1, 0, 1, 1, 1, 0, 0, 0, 0, 1], "sum": 5},
  {"roll": [0, 1, 1, 1, 1, 0, 0, 0, 0, 1], "sum": 5},
  {"roll": [1, 1, 1, 1, 1, 0, 0, 0, 0, 1], "sum": 6},
  {"roll": [0, 0, 0, 0, 0, 1, 0, 0, 0, 1], "sum": 2},
  {"roll": [1, 0, 0, 0, 0, 1, 0, 0, 0, 1], "sum": 3},
  {"roll": [0, 1, 0, 0, 0, 1, 0, 0, 0, 1], "sum": 3},
  {"roll": [1, 1, 0, 0, 0, 1, 0, 0, 0, 1], "sum": 4},
  {"roll": [0, 0, 1, 0, 0, 1, 0, 0, 0, 1], "sum": 3},
  {"roll": [1, 0, 1, 0, 0, 1, 0, 0, 0, 1], "sum": 4},
  {"roll": [0, 1, 1, 0, 0, 1, 0, 0, 0, 1], "sum": 4},
  {"roll": [1, 1, 1, 0, 0, 1, 0, 0, 0, 1], "sum": 5},
  {"roll": [0, 0, 0, 1, 0, 1, 0, 0, 0, 1], "sum": 3},
  {"roll": [1, 0, 0, 1, 0, 1, 0, 0, 0, 1], "sum": 4},
  {"roll": [0, 1, 0, 1, 0, 1, 0, 0, 0, 1], "sum": 4},
  {"roll": [1, 1, 0, 1, 0, 1, 0, 0, 0, 1], "sum": 5},
  {"roll": [0, 0, 1, 1, 0, 1, 0, 0, 0, 1], "sum": 4},
  {"roll": [1, 0, 1, 1, 0, 1, 0, 0, 0, 1], "sum": 5},
  {"roll": [0, 1, 1, 1, 0, 1, 0, 0, 0, 1], "sum": 5},
  {"roll": [1, 1, 1, 1, 0, 1, 0, 0, 0, 1], "sum": 6},
  {"roll": [0, 0, 0, 0, 1, 1, 0, 0, 0, 1], "sum": 3},
  {"roll": [1, 0, 0, 0, 1, 1, 0, 0, 0, 1], "sum": 4},
  {"roll": [0, 1, 0, 0, 1, 1, 0, 0, 0, 1], "sum": 4},
  {"roll": [1, 1, 0, 0, 1, 1, 0, 0, 0, 1], "sum": 5},
  {"roll": [0, 0, 1, 0, 1, 1, 0, 0, 0, 1], "sum": 4},
  {"roll": [1, 0, 1, 0, 1, 1, 0, 0, 0, 1], "sum": 5},
  {"roll": [0, 1, 1, 0, 1, 1, 0, 0, 0, 1], "sum": 5},
  {"roll": [1, 1, 1, 0, 1, 1, 0, 0, 0, 1], "sum": 6},
  {"roll": [0, 0, 0, 1, 1, 1, 0, 0, 0, 1], "sum": 4},
  {"roll": [1, 0, 0, 1, 1, 1, 0, 0, 0, 1], "sum": 5},
  {"roll": [0, 1, 0, 1, 1, 1, 0, 0, 0, 1], "sum": 5},
  {"roll": [1, 1, 0, 1, 1, 1, 0, 0, 0, 1], "sum": 6},
  {"roll": [0, 0, 1, 1, 1, 1, 0, 0, 0, 1], "sum": 5},
  {"roll": [1, 0, 1, 1, 1, 1, 0, 0, 0, 1], "sum": 6},
  {"roll": [0, 1, 1, 1, 1, 1, 0, 0, 0, 1], "sum": 6},
  {"roll": [1, 1, 1, 1, 1, 1, 0, 0, 0, 1], "sum": 7},
  {"roll": [0, 0, 0, 0, 0, 0, 1, 0, 0, 1], "sum": 2},
  {"roll": [1, 0, 0, 0, 0, 0, 1, 0, 0, 1], "sum": 3},
  {"roll": [0, 1, 0, 0, 0, 0, 1, 0, 0, 1], "sum": 3},
  {"roll": [1, 1, 0, 0, 0, 0, 1, 0, 0, 1], "sum": 4},
  {"roll": [0, 0, 1, 0, 0, 0, 1, 0, 0, 1], "sum": 3},
  {"roll": [1, 0, 1, 0, 0, 0, 1, 0, 0, 1], "sum": 4},
  {"roll": [0, 1, 1, 0, 0, 0, 1, 0, 0, 1], "sum": 4},
  {"roll": [1, 1, 1, 0, 0, 0, 1, 0, 0, 1], "sum": 5},
  {"roll": [0, 0, 0, 1, 0, 0, 1, 0, 0, 1], "sum": 3},
  {"roll": [1, 0, 0, 1, 0, 0, 1, 0, 0, 1], "sum": 4},
  {"roll": [0, 1, 0, 1, 0, 0, 1, 0, 0, 1], "sum": 4},
  {"roll": [1, 1, 0, 1, 0, 0, 1, 0, 0, 1], "sum": 5},
  {"roll": [0, 0, 1, 1, 0, 0, 1, 0, 0, 1], "sum": 4},
  {"roll": [1, 0, 1, 1, 0, 0, 1, 0, 0, 1], "sum": 5},
  {"roll": [0, 1, 1, 1, 0, 0, 1, 0, 0, 1], "sum": 5},
  {"roll": [1, 1, 1, 1, 0, 0, 1, 0, 0, 1], "sum": 6},
  {"roll": [0, 0, 0, 0, 1, 0, 1, 0, 0, 1], "sum": 3},
  {"roll": [1, 0, 0, 0, 1, 0, 1, 0, 0, 1], "sum": 4},
  {"roll": [0, 1, 0, 0, 1, 0, 1, 0, 0, 1], "sum": 4},
  {"roll": [1, 1, 0, 0, 1, 0, 1, 0, 0, 1], "sum": 5},
  {"roll": [0, 0, 1, 0, 1, 0, 1, 0, 0, 1], "sum": 4},
  {"roll": [1, 0, 1, 0, 1, 0, 1, 0, 0, 1], "sum": 5},
  {"roll": [0, 1, 1, 0, 1, 0, 1, 0, 0, 1], "sum": 5},
  {"roll": [1, 1, 1, 0, 1, 0, 1, 0, 0, 1], "sum": 6},
  {"roll": [0, 0, 0, 1, 1, 0, 1, 0, 0, 1], "sum": 4},
  {"roll": [1, 0, 0, 1, 1, 0, 1, 0, 0, 1], "sum": 5},
  {"roll": [0, 1, 0, 1, 1, 0, 1, 0, 0, 1], "sum": 5},
  {"roll": [1, 1, 0, 1, 1, 0, 1, 0, 0, 1], "sum": 6},
  {"roll": [0, 0, 1, 1, 1, 0, 1, 0, 0, 1], "sum": 5},
  {"roll": [1, 0, 1, 1, 1, 0, 1, 0, 0, 1], "sum": 6},
  {"roll": [0, 1, 1, 1, 1, 0, 1, 0, 0, 1], "sum": 6},
  {"roll": [1, 1, 1, 1, 1, 0, 1, 0, 0, 1], "sum": 7},
  {"roll": [0, 0, 0, 0, 0, 1, 1, 0, 0, 1], "sum": 3},
  {"roll": [1, 0, 0, 0, 0, 1, 1, 0, 0, 1], "sum": 4},
  {"roll": [0, 1, 0, 0, 0, 1, 1, 0, 0, 1], "sum": 4},
  {"roll": [1, 1, 0, 0, 0, 1, 1, 0, 0, 1], "sum": 5},
  {"roll": [0, 0, 1, 0, 0, 1, 1, 0, 0, 1], "sum": 4},
  {"roll": [1, 0, 1, 0, 0, 1, 1, 0, 0, 1], "sum": 5},
  {"roll": [0, 1, 1, 0, 0, 1, 1, 0, 0, 1], "sum": 5},
  {"roll": [1, 1, 1, 0, 0, 1, 1, 0, 0, 1], "sum": 6},
  {"roll": [0, 0, 0, 1, 0, 1, 1, 0, 0, 1], "sum": 4},
  {"roll": [1, 0, 0, 1, 0, 1, 1, 0, 0, 1], "sum": 5},
  {"roll": [0, 1, 0, 1, 0, 1, 1, 0, 0, 1], "sum": 5},
  {"roll": [1, 1, 0, 1, 0, 1, 1, 0, 0, 1], "sum": 6},
  {"roll": [0, 0, 1, 1, 0, 1, 1, 0, 0, 1], "sum": 5},
  {"roll": [1, 0, 1, 1, 0, 1, 1, 0, 0, 1], "sum": 6},
  {"roll": [0, 1, 1, 1, 0, 1, 1, 0, 0, 1], "sum": 6},
  {"roll": [1, 1, 1, 1, 0, 1, 1, 0, 0, 1], "sum": 7},
  {"roll": [0, 0, 0, 0, 1, 1, 1, 0, 0, 1], "sum": 4},
  {"roll": [1, 0, 0, 0, 1, 1, 1, 0, 0, 1], "sum": 5},
  {"roll": [0, 1, 0, 0, 1, 1, 1, 0, 0, 1], "sum": 5},
  {"roll": [1, 1, 0, 0, 1, 1, 1, 0, 0, 1], "sum": 6},
  {"roll": [0, 0, 1, 0, 1, 1, 1, 0, 0, 1], "sum": 5},
  {"roll": [1, 0, 1, 0, 1, 1, 1, 0, 0, 1], "sum": 6},
  {"roll": [0, 1, 1, 0, 1, 1, 1, 0, 0, 1], "sum": 6},
  {"roll": [1, 1, 1, 0, 1, 1, 1, 0, 0, 1], "sum": 7},
  {"roll": [0, 0, 0, 1, 1, 1, 1, 0, 0, 1], "sum": 5},
  {"roll": [1, 0, 0, 1, 1, 1, 1, 0, 0, 1], "sum": 6},
  {"roll": [0, 1, 0, 1, 1, 1, 1, 0, 0, 1], "sum": 6},
  {"roll": [1, 1, 0, 1, 1, 1, 1, 0, 0, 1], "sum": 7},
  {"roll": [0, 0, 1, 1, 1, 1, 1, 0, 0, 1], "sum": 6},
  {"roll": [1, 0, 1, 1, 1, 1, 1, 0, 0, 1], "sum": 7},
  {"roll": [0, 1, 1, 1, 1, 1, 1, 0, 0, 1], "sum": 7},
  {"roll": [1, 1, 1, 1, 1, 1, 1, 0, 0, 1], "sum": 8},
  {"roll": [0, 0, 0, 0, 0, 0, 0, 1, 0, 1], "sum": 2},
  {"roll": [1, 0, 0, 0, 0, 0, 0, 1, 0, 1], "sum": 3},
  {"roll": [0, 1, 0, 0, 0, 0, 0, 1, 0, 1], "sum": 3},
  {"roll": [1, 1, 0, 0, 0, 0, 0, 1, 0, 1], "sum": 4},
  {"roll": [0, 0, 1, 0, 0, 0, 0, 1, 0, 1], "sum": 3},
  {"roll": [1, 0, 1, 0, 0, 0, 0, 1, 0, 1], "sum": 4},
  {"roll": [0, 1, 1, 0, 0, 0, 0, 1, 0, 1], "sum": 4},
  {"roll": [1, 1, 1, 0, 0, 0, 0, 1, 0, 1], "sum": 5},
  {"roll": [0, 0, 0, 1, 0, 0, 0, 1, 0, 1], "sum": 3},
  {"roll": [1, 0, 0, 1, 0, 0, 0, 1, 0, 1], "sum": 4},
  {"roll": [0, 1, 0, 1, 0, 0, 0, 1, 0, 1], "sum": 4},
  {"roll": [1, 1, 0, 1, 0, 0, 0, 1, 0, 1], "sum": 5},
  {"roll": [0, 0, 1, 1, 0, 0, 0, 1, 0, 1], "sum": 4},
  {"roll": [1, 0, 1, 1, 0, 0, 0, 1, 0, 1], "sum": 5},
  {"roll": [0, 1, 1, 1, 0, 0, 0, 1, 0, 1], "sum": 5},
  {"roll": [1, 1, 1, 1, 0, 0, 0, 1, 0, 1], "sum": 6},
  {"roll": [0, 0, 0, 0, 1, 0, 0, 1, 0, 1], "sum": 3},
  {"roll": [1, 0, 0, 0, 1, 0, 0, 1, 0, 1], "sum": 4},
  {"roll": [0, 1, 0, 0, 1, 0, 0, 1, 0, 1], "sum": 4},
  {"roll": [1, 1, 0, 0, 1, 0, 0, 1, 0, 1], "sum": 5},
  {"roll": [0, 0, 1, 0, 1, 0, 0, 1, 0, 1], "sum": 4},
  {"roll": [1, 0, 1, 0, 1, 0, 0, 1, 0, 1], "sum": 5},
  {"roll": [0, 1, 1, 0, 1, 0, 0, 1, 0, 1], "sum": 5},
  {"roll": [1, 1, 1, 0, 1, 0, 0, 1, 0, 1], "sum": 6},
  {"roll": [0, 0, 0, 1, 1, 0, 0, 1, 0, 1], "sum": 4},
  {"roll": [1, 0, 0, 1, 1, 0, 0, 1, 0, 1], "sum": 5},
  {"roll": [0, 1, 0, 1, 1, 0, 0, 1, 0, 1], "sum": 5},
  {"roll": [1, 1, 0, 1, 1, 0, 0, 1, 0, 1], "sum": 6},
  {"roll": [0, 0, 1, 1, 1, 0, 0, 1, 0, 1], "sum": 5},
  {"roll": [1, 0, 1, 1, 1, 0, 0, 1, 0, 1], "sum": 6},
  {"roll": [0, 1, 1, 1, 1, 0, 0, 1, 0, 1], "sum": 6},
  {"roll": [1, 1, 1, 1, 1, 0, 0, 1, 0, 1], "sum": 7},
  {"roll": [0, 0, 0, 0, 0, 1, 0, 1, 0, 1], "sum": 3},
  {"roll": [1, 0, 0, 0, 0, 1, 0, 1, 0, 1], "sum": 4},
  {"roll": [0, 1, 0, 0, 0, 1, 0, 1, 0, 1], "sum": 4},
  {"roll": [1, 1, 0, 0, 0, 1, 0, 1, 0, 1], "sum": 5},
  {"roll": [0, 0, 1, 0, 0, 1, 0, 1, 0, 1], "sum": 4},
  {"roll": [1, 0, 1, 0, 0, 1, 0, 1, 0, 1], "sum": 5},
  {"roll": [0, 1, 1, 0, 0, 1, 0, 1, 0, 1], "sum": 5},
  {"roll": [1, 1, 1, 0, 0, 1, 0, 1, 0, 1], "sum": 6},
  {"roll": [0, 0, 0, 1, 0, 1, 0, 1, 0, 1], "sum": 4},
  {"roll": [1, 0, 0, 1, 0, 1, 0, 1, 0, 1], "sum": 5},
  {"roll": [0, 1, 0, 1, 0, 1, 0, 1, 0, 1], "sum": 5},
  {"roll": [1, 1, 0, 1, 0, 1, 0, 1, 0, 1], "sum": 6},
  {"roll": [0, 0, 1, 1, 0, 1, 0, 1, 0, 1], "sum": 5},
  {"roll": [1, 0, 1, 1, 0, 1, 0, 1, 0, 1], "sum": 6},
  {"roll": [0, 1, 1, 1, 0, 1, 0, 1, 0, 1], "sum": 6},
  {"roll": [1, 1, 1, 1, 0, 1, 0, 1, 0, 1], "sum": 7},
  {"roll": [0, 0, 0, 0, 1, 1, 0, 1, 0, 1], "sum": 4},
  {"roll": [1, 0, 0, 0, 1, 1, 0, 1, 0, 1], "sum": 5},
  {"roll": [0, 1, 0, 0, 1, 1, 0, 1, 0, 1], "sum": 5},
  {"roll": [1, 1, 0, 0, 1, 1, 0, 1, 0, 1], "sum": 6},
  {"roll": [0, 0, 1, 0, 1, 1, 0, 1, 0, 1], "sum": 5},
  {"roll": [1, 0, 1, 0, 1, 1, 0, 1, 0, 1], "sum": 6},
  {"roll": [0, 1, 1, 0, 1, 1, 0, 1, 0, 1], "sum": 6},
  {"roll": [1, 1, 1, 0, 1, 1, 0, 1, 0, 1], "sum": 7},
  {"roll": [0, 0, 0, 1, 1, 1, 0, 1, 0, 1], "sum": 5},
  {"roll": [1, 0, 0, 1, 1, 1, 0, 1, 0, 1], "sum": 6},
  {"roll": [0, 1, 0, 1, 1, 1, 0, 1, 0, 1], "sum": 6},
  {"roll": [1, 1, 0, 1, 1, 1, 0, 1, 0, 1], "sum": 7},
  {"roll": [0, 0, 1, 1, 1, 1, 0, 1, 0, 1], "sum": 6},
  {"roll": [1, 0, 1, 1, 1, 1, 0, 1, 0, 1], "sum": 7},
  {"roll": [0, 1, 1, 1, 1, 1, 0, 1, 0, 1], "sum": 7},
  {"roll": [1, 1, 1, 1, 1, 1, 0, 1, 0, 1], "sum": 8},
  {"roll": [0, 0, 0, 0, 0, 0, 1, 1, 0, 1], "sum": 3},
  {"roll": [1, 0, 0, 0, 0, 0, 1, 1, 0, 1], "sum": 4},
  {"roll": [0, 1, 0, 0, 0, 0, 1, 1, 0, 1], "sum": 4},
  {"roll": [1, 1, 0, 0, 0, 0, 1, 1, 0, 1], "sum": 5},
  {"roll": [0, 0, 1, 0, 0, 0, 1, 1, 0, 1], "sum": 4},
  {"roll": [1, 0, 1, 0, 0, 0, 1, 1, 0, 1], "sum": 5},
  {"roll": [0, 1, 1, 0, 0, 0, 1, 1, 0, 1], "sum": 5},
  {"roll": [1, 1, 1, 0, 0, 0, 1, 1, 0, 1], "sum": 6},
  {"roll": [0, 0, 0, 1, 0, 0, 1, 1, 0, 1], "sum": 4},
  {"roll": [1, 0, 0, 1, 0, 0, 1, 1, 0, 1], "sum": 5},
  {"roll": [0, 1, 0, 1, 0, 0, 1, 1, 0, 1], "sum": 5},
  {"roll": [1, 1, 0, 1, 0, 0, 1, 1, 0, 1], "sum": 6},
  {"roll": [0, 0, 1, 1, 0, 0, 1, 1, 0, 1], "sum": 5},
  {"roll": [1, 0, 1, 1, 0, 0, 1, 1, 0, 1], "sum": 6},
  {"roll": [0, 1, 1, 1, 0, 0, 1, 1, 0, 1], "sum": 6},
  {"roll": [1, 1, 1, 1, 0, 0, 1, 1, 0, 1], "sum": 7},
  {"roll": [0, 0, 0, 0, 1, 0, 1, 1, 0, 1], "sum": 4},
  {"roll": [1, 0, 0, 0, 1, 0, 1, 1, 0, 1], "sum": 5},
  {"roll": [0, 1, 0, 0, 1, 0, 1, 1, 0, 1], "sum": 5},
  {"roll": [1, 1, 0, 0, 1, 0, 1, 1, 0, 1], "sum": 6},
  {"roll": [0, 0, 1, 0, 1, 0, 1, 1, 0, 1], "sum": 5},
  {"roll": [1, 0, 1, 0, 1, 0, 1, 1, 0, 1], "sum": 6},
  {"roll": [0, 1, 1, 0, 1, 0, 1, 1, 0, 1], "sum": 6},
  {"roll": [1, 1, 1, 0, 1, 0, 1, 1, 0, 1], "sum": 7},
  {"roll": [0, 0, 0, 1, 1, 0, 1, 1, 0, 1], "sum": 5},
  {"roll": [1, 0, 0, 1, 1, 0, 1, 1, 0, 1], "sum": 6},
  {"roll": [0, 1, 0, 1, 1, 0, 1, 1, 0, 1], "sum": 6},
  {"roll": [1, 1, 0, 1, 1, 0, 1, 1, 0, 1], "sum": 7},
  {"roll": [0, 0, 1, 1, 1, 0, 1, 1, 0, 1], "sum": 6},
  {"roll": [1, 0, 1, 1, 1, 0, 1, 1, 0, 1], "sum": 7},
  {"roll": [0, 1, 1, 1, 1, 0, 1, 1, 0, 1], "sum": 7},
  {"roll": [1, 1, 1, 1, 1, 0, 1, 1, 0, 1], "sum": 8},
  {"roll": [0, 0, 0, 0, 0, 1, 1, 1, 0, 1], "sum": 4},
  {"roll": [1, 0, 0, 0, 0, 1, 1, 1, 0, 1], "sum": 5},
  {"roll": [0, 1, 0, 0, 0, 1, 1, 1, 0, 1], "sum": 5},
  {"roll": [1, 1, 0, 0, 0, 1, 1, 1, 0, 1], "sum": 6},
  {"roll": [0, 0, 1, 0, 0, 1, 1, 1, 0, 1], "sum": 5},
  {"roll": [1, 0, 1, 0, 0, 1, 1, 1, 0, 1], "sum": 6},
  {"roll": [0, 1, 1, 0, 0, 1, 1, 1, 0, 1], "sum": 6},
  {"roll": [1, 1, 1, 0, 0, 1, 1, 1, 0, 1], "sum": 7},
  {"roll": [0, 0, 0, 1, 0, 1, 1, 1, 0, 1], "sum": 5},
  {"roll": [1, 0, 0, 1, 0, 1, 1, 1, 0, 1], "sum": 6},
  {"roll": [0, 1, 0, 1, 0, 1, 1, 1, 0, 1], "sum": 6},
  {"roll": [1, 1, 0, 1, 0, 1, 1, 1, 0, 1], "sum": 7},
  {"roll": [0, 0, 1, 1, 0, 1, 1, 1, 0, 1], "sum": 6},
  {"roll": [1, 0, 1, 1, 0, 1, 1, 1, 0, 1], "sum": 7},
  {"roll": [0, 1, 1, 1, 0, 1, 1, 1, 0, 1], "sum": 7},
  {"roll": [1, 1, 1, 1, 0, 1, 1, 1, 0, 1], "sum": 8},
  {"roll": [0, 0, 0, 0, 1, 1, 1, 1, 0, 1], "sum": 5},
  {"roll": [1, 0, 0, 0, 1, 1, 1, 1, 0, 1], "sum": 6},
  {"roll": [0, 1, 0, 0, 1, 1, 1, 1, 0, 1], "sum": 6},
  {"roll": [1, 1, 0, 0, 1, 1, 1, 1, 0, 1], "sum": 7},
  {"roll": [0, 0, 1, 0, 1, 1, 1, 1, 0, 1], "sum": 6},
  {"roll": [1, 0, 1, 0, 1, 1, 1, 1, 0, 1], "sum": 7},
  {"roll": [0, 1, 1, 0, 1, 1, 1, 1, 0, 1], "sum": 7},
  {"roll": [1, 1, 1, 0, 1, 1, 1, 1, 0, 1], "sum": 8},
  {"roll": [0, 0, 0, 1, 1, 1, 1, 1, 0, 1], "sum": 6},
  {"roll": [1, 0, 0, 1, 1, 1, 1, 1, 0, 1], "sum": 7},
  {"roll": [0, 1, 0, 1, 1, 1, 1, 1, 0, 1], "sum": 7},
  {"roll": [1, 1, 0, 1, 1, 1, 1, 1, 0, 1], "sum": 8},
  {"roll": [0, 0, 1, 1, 1, 1, 1, 1, 0, 1], "sum": 7},
  {"roll": [1, 0, 1, 1, 1, 1, 1, 1, 0, 1], "sum": 8},
  {"roll": [0, 1, 1, 1, 1, 1, 1, 1, 0, 1], "sum": 8},
  {"roll": [1, 1, 1, 1, 1, 1, 1, 1, 0, 1], "sum": 9},
  {"roll": [0, 0, 0, 0, 0, 0, 0, 0, 1, 1], "sum": 2},
  {"roll": [1, 0, 0, 0, 0, 0, 0, 0, 1, 1], "sum": 3},
  {"roll": [0, 1, 0, 0, 0, 0, 0, 0, 1, 1], "sum": 3},
  {"roll": [1, 1, 0, 0, 0, 0, 0, 0, 1, 1], "sum": 4},
  {"roll": [0, 0, 1, 0, 0, 0, 0, 0, 1, 1], "sum": 3},
  {"roll": [1, 0, 1, 0, 0, 0, 0, 0, 1, 1], "sum": 4},
  {"roll": [0, 1, 1, 0, 0, 0, 0, 0, 1, 1], "sum": 4},
  {"roll": [1, 1, 1, 0, 0, 0, 0, 0, 1, 1], "sum": 5},
  {"roll": [0, 0, 0, 1, 0, 0, 0, 0, 1, 1], "sum": 3},
  {"roll": [1, 0, 0, 1, 0, 0, 0, 0, 1, 1], "sum": 4},
  {"roll": [0, 1, 0, 1, 0, 0, 0, 0, 1, 1], "sum": 4},
  {"roll": [1, 1, 0, 1, 0, 0, 0, 0, 1, 1], "sum": 5},
  {"roll": [0, 0, 1, 1, 0, 0, 0, 0, 1, 1], "sum": 4},
  {"roll": [1, 0, 1, 1, 0, 0, 0, 0, 1, 1], "sum": 5},
  {"roll": [0, 1, 1, 1, 0, 0, 0, 0, 1, 1], "sum": 5},
  {"roll": [1, 1, 1, 1, 0, 0, 0, 0, 1, 1], "sum": 6},
  {"roll": [0, 0, 0, 0, 1, 0, 0, 0, 1, 1], "sum": 3},
  {"roll": [1, 0, 0, 0, 1, 0, 0, 0, 1, 1], "sum": 4},
  {"roll": [0, 1, 0, 0, 1, 0, 0, 0, 1, 1], "sum": 4},
  {"roll": [1, 1, 0, 0, 1, 0, 0, 0, 1, 1], "sum": 5},
  {"roll": [0, 0, 1, 0, 1, 0, 0, 0, 1, 1], "sum": 4},
  {"roll": [1, 0, 1, 0, 1, 0, 0, 0, 1, 1], "sum": 5},
  {"roll": [0, 1, 1, 0, 1, 0, 0, 0, 1, 1], "sum": 5},
  {"roll": [1, 1, 1, 0, 1, 0, 0, 0, 1, 1], "sum": 6},
  {"roll": [0, 0, 0, 1, 1, 0, 0, 0, 1, 1], "sum": 4},
  {"roll": [1, 0, 0, 1, 1, 0, 0, 0, 1, 1], "sum": 5},
  {"roll": [0, 1, 0, 1, 1, 0, 0, 0, 1, 1], "sum": 5},
  {"roll": [1, 1, 0, 1, 1, 0, 0, 0, 1, 1], "sum": 6},
  {"roll": [0, 0, 1, 1, 1, 0, 0, 0, 1, 1], "sum": 5},
  {"roll": [1, 0, 1, 1, 1, 0, 0, 0, 1, 1], "sum": 6},
  {"roll": [0, 1, 1, 1, 1, 0, 0, 0, 1, 1], "sum": 6},
  {"roll": [1, 1, 1, 1, 1, 0, 0, 0, 1, 1], "sum": 7},
  {"roll": [0, 0, 0, 0, 0, 1, 0, 0, 1, 1], "sum": 3},
  {"roll": [1, 0, 0, 0, 0, 1, 0, 0, 1, 1], "sum": 4},
  {"roll": [0, 1, 0, 0, 0, 1, 0, 0, 1, 1], "sum": 4},
  {"roll": [1, 1, 0, 0, 0, 1, 0, 0, 1, 1], "sum": 5},
  {"roll": [0, 0, 1, 0, 0, 1, 0, 0, 1, 1], "sum": 4},
  {"roll": [1, 0, 1, 0, 0, 1, 0, 0, 1, 1], "sum": 5},
  {"roll": [0, 1, 1, 0, 0, 1, 0, 0, 1, 1], "sum": 5},
  {"roll": [1, 1, 1, 0, 0, 1, 0, 0, 1, 1], "sum": 6},
  {"roll": [0, 0, 0, 1, 0, 1, 0, 0, 1, 1], "sum": 4},
  {"roll": [1, 0, 0, 1, 0, 1, 0, 0, 1, 1], "sum": 5},
  {"roll": [0, 1, 0, 1, 0, 1, 0, 0, 1, 1], "sum": 5},
  {"roll": [1, 1, 0, 1, 0, 1, 0, 0, 1, 1], "sum": 6},
  {"roll": [0, 0, 1, 1, 0, 1, 0, 0, 1, 1], "sum": 5},
  {"roll": [1, 0, 1, 1, 0, 1, 0, 0, 1, 1], "sum": 6},
  {"roll": [0, 1, 1, 1, 0, 1, 0, 0, 1, 1], "sum": 6},
  {"roll": [1, 1, 1, 1, 0, 1, 0, 0, 1, 1], "sum": 7},
  {"roll": [0, 0, 0, 0, 1, 1, 0, 0, 1, 1], "sum": 4},
  {"roll": [1, 0, 0, 0, 1, 1, 0, 0, 1, 1], "sum": 5},
  {"roll": [0, 1, 0, 0, 1, 1, 0, 0, 1, 1], "sum": 5},
  {"roll": [1, 1, 0, 0, 1, 1, 0, 0, 1, 1], "sum": 6},
  {"roll": [0, 0, 1, 0, 1, 1, 0, 0, 1, 1], "sum": 5},
  {"roll": [1, 0, 1, 0, 1, 1, 0, 0, 1, 1], "sum": 6},
  {"roll": [0, 1, 1, 0, 1, 1, 0, 0, 1, 1], "sum": 6},
  {"roll": [1, 1, 1, 0, 1, 1, 0, 0, 1, 1], "sum": 7},
  {"roll": [0, 0, 0, 1, 1, 1, 0, 0, 1, 1], "sum": 5},
  {"roll": [1, 0, 0, 1, 1, 1, 0, 0, 1, 1], "sum": 6},
  {"roll": [0, 1, 0, 1, 1, 1, 0, 0, 1, 1], "sum": 6},
  {"roll": [1, 1, 0, 1, 1, 1, 0, 0, 1, 1], "sum": 7},
  {"roll": [0, 0, 1, 1, 1, 1, 0, 0, 1, 1], "sum": 6},
  {"roll": [1, 0, 1, 1, 1, 1, 0, 0, 1, 1], "sum": 7},
  {"roll": [0, 1, 1, 1, 1, 1, 0, 0, 1, 1], "sum": 7},
  {"roll": [1, 1, 1, 1, 1, 1, 0, 0, 1, 1], "sum": 8},
  {"roll": [0, 0, 0, 0, 0, 0, 1, 0, 1, 1], "sum": 3},
  {"roll": [1, 0, 0, 0, 0, 0, 1, 0, 1, 1], "sum": 4},
  {"roll": [0, 1, 0, 0, 0, 0, 1, 0, 1, 1], "sum": 4},
  {"roll": [1, 1, 0, 0, 0, 0, 1, 0, 1, 1], "sum": 5},
  {"roll": [0, 0, 1, 0, 0, 0, 1, 0, 1, 1], "sum": 4},
  {"roll": [1, 0, 1, 0, 0, 0, 1, 0, 1, 1], "sum": 5},
  {"roll": [0, 1, 1, 0, 0, 0, 1, 0, 1, 1], "sum": 5},
  {"roll": [1, 1, 1, 0, 0, 0, 1, 0, 1, 1], "sum": 6},
  {"roll": [0, 0, 0, 1, 0, 0, 1, 0, 1, 1], "sum": 4},
  {"roll": [1, 0, 0, 1, 0, 0, 1, 0, 1, 1], "sum": 5},
  {"roll": [0, 1, 0, 1, 0, 0, 1, 0, 1, 1], "sum": 5},
  {"roll": [1, 1, 0, 1, 0, 0, 1, 0, 1, 1], "sum": 6},
  {"roll": [0, 0, 1, 1, 0, 0, 1, 0, 1, 1], "sum": 5},
  {"roll": [1, 0, 1, 1, 0, 0, 1, 0, 1, 1], "sum": 6},
  {"roll": [0, 1, 1, 1, 0, 0, 1, 0, 1, 1], "sum": 6},
  {"roll": [1, 1, 1, 1, 0, 0, 1, 0, 1, 1], "sum": 7},
  {"roll": [0, 0, 0, 0, 1, 0, 1, 0, 1, 1], "sum": 4},
  {"roll": [1, 0, 0, 0, 1, 0, 1, 0, 1, 1], "sum": 5},
  {"roll": [0, 1, 0, 0, 1, 0, 1, 0, 1, 1], "sum": 5},
  {"roll": [1, 1, 0, 0, 1, 0, 1, 0, 1, 1], "sum": 6},
  {"roll": [0, 0, 1, 0, 1, 0, 1, 0, 1, 1], "sum": 5},
  {"roll": [1, 0, 1, 0, 1, 0, 1, 0, 1, 1], "sum": 6},
  {"roll": [0, 1, 1, 0, 1, 0, 1, 0, 1, 1], "sum": 6},
  {"roll": [1, 1, 1, 0, 1, 0, 1, 0, 1, 1], "sum": 7},
  {"roll": [0, 0, 0, 1, 1, 0, 1, 0, 1, 1], "sum": 5},
  {"roll": [1, 0, 0, 1, 1, 0, 1, 0, 1, 1], "sum": 6},
  {"roll": [0, 1, 0, 1, 1, 0, 1, 0, 1, 1], "sum": 6},
  {"roll": [1, 1, 0, 1, 1, 0, 1, 0, 1, 1], "sum": 7},
  {"roll": [0, 0, 1, 1, 1, 0, 1, 0, 1, 1], "sum": 6},
  {"roll": [1, 0, 1, 1, 1, 0, 1, 0, 1, 1], "sum": 7},
  {"roll": [0, 1, 1, 1, 1, 0, 1, 0, 1, 1], "sum": 7},
  {"roll": [1, 1, 1, 1, 1, 0, 1, 0, 1, 1], "sum": 8},
  {"roll": [0, 0, 0, 0, 0, 1, 1, 0, 1, 1], "sum": 4},
  {"roll": [1, 0, 0, 0, 0, 1, 1, 0, 1, 1], "sum": 5},
  {"roll": [0, 1, 0, 0, 0, 1, 1, 0, 1, 1], "sum": 5},
  {"roll": [1, 1, 0, 0, 0, 1, 1, 0, 1, 1], "sum": 6},
  {"roll": [0, 0, 1, 0, 0, 1, 1, 0, 1, 1], "sum": 5},
  {"roll": [1, 0, 1, 0, 0, 1, 1, 0, 1, 1], "sum": 6},
  {"roll": [0, 1, 1, 0, 0, 1, 1, 0, 1, 1], "sum": 6},
  {"roll": [1, 1, 1, 0, 0, 1, 1, 0, 1, 1], "sum": 7},
  {"roll": [0, 0, 0, 1, 0, 1, 1, 0, 1, 1], "sum": 5},
  {"roll": [1, 0, 0, 1, 0, 1, 1, 0, 1, 1], "sum": 6},
  {"roll": [0, 1, 0, 1, 0, 1, 1, 0, 1, 1], "sum": 6},
  {"roll": [1, 1, 0, 1, 0, 1, 1, 0, 1, 1], "sum": 7},
  {"roll": [0, 0, 1, 1, 0, 1, 1, 0, 1, 1], "sum": 6},
  {"roll": [1, 0, 1, 1, 0, 1, 1, 0, 1, 1], "sum": 7},
  {"roll": [0, 1, 1, 1, 0, 1, 1, 0, 1, 1], "sum": 7},
  {"roll": [1, 1, 1, 1, 0, 1, 1, 0, 1, 1], "sum": 8},
  {"roll": [0, 0, 0, 0, 1, 1, 1, 0, 1, 1], "sum": 5},
  {"roll": [1, 0, 0, 0, 1, 1, 1, 0, 1, 1], "sum": 6},
  {"roll": [0, 1, 0, 0, 1, 1, 1, 0, 1, 1], "sum": 6},
  {"roll": [1, 1, 0, 0, 1, 1, 1, 0, 1, 1], "sum": 7},
  {"roll": [0, 0, 1, 0, 1, 1, 1, 0, 1, 1], "sum": 6},
  {"roll": [1, 0, 1, 0, 1, 1, 1, 0, 1, 1], "sum": 7},
  {"roll": [0, 1, 1, 0, 1, 1, 1, 0, 1, 1], "sum": 7},
  {"roll": [1, 1, 1, 0, 1, 1, 1, 0, 1, 1], "sum": 8},
  {"roll": [0, 0, 0, 1, 1, 1, 1, 0, 1, 1], "sum": 6},
  {"roll": [1, 0, 0, 1, 1, 1, 1, 0, 1, 1], "sum": 7},
  {"roll": [0, 1, 0, 1, 1, 1, 1, 0, 1, 1], "sum": 7},
  {"roll": [1, 1, 0, 1, 1, 1, 1, 0, 1, 1], "sum": 8},
  {"roll": [0, 0, 1, 1, 1, 1, 1, 0, 1, 1], "sum": 7},
  {"roll": [1, 0, 1, 1, 1, 1, 1, 0, 1, 1], "sum": 8},
  {"roll": [0, 1, 1, 1, 1, 1, 1, 0, 1, 1], "sum": 8},
  {"roll": [1, 1, 1, 1, 1, 1, 1, 0, 1, 1], "sum": 9},
  {"roll": [0, 0, 0, 0, 0, 0, 0, 1, 1, 1], "sum": 3},
  {"roll": [1, 0, 0, 0, 0, 0, 0, 1, 1, 1], "sum": 4},
  {"roll": [0, 1, 0, 0, 0, 0, 0, 1, 1, 1], "sum": 4},
  {"roll": [1, 1, 0, 0, 0, 0, 0, 1, 1, 1], "sum": 5},
  {"roll": [0, 0, 1, 0, 0, 0, 0, 1, 1, 1], "sum": 4},
  {"roll": [1, 0, 1, 0, 0, 0, 0, 1, 1, 1], "sum": 5},
  {"roll": [0, 1, 1, 0, 0, 0, 0, 1, 1, 1], "sum": 5},
  {"roll": [1, 1, 1, 0, 0, 0, 0, 1, 1, 1], "sum": 6},
  {"roll": [0, 0, 0, 1, 0, 0, 0, 1, 1, 1], "sum": 4},
  {"roll": [1, 0, 0, 1, 0, 0, 0, 1, 1, 1], "sum": 5},
  {"roll": [0, 1, 0, 1, 0, 0, 0, 1, 1, 1], "sum": 5},
  {"roll": [1, 1, 0, 1, 0, 0, 0, 1, 1, 1], "sum": 6},
  {"roll": [0, 0, 1, 1, 0, 0, 0, 1, 1, 1], "sum": 5},
  {"roll": [1, 0, 1, 1, 0, 0, 0, 1, 1, 1], "sum": 6},
  {"roll": [0, 1, 1, 1, 0, 0, 0, 1, 1, 1], "sum": 6},
  {"roll": [1, 1, 1, 1, 0, 0, 0, 1, 1, 1], "sum": 7},
  {"roll": [0, 0, 0, 0, 1, 0, 0, 1, 1, 1], "sum": 4},
  {"roll": [1, 0, 0, 0, 1, 0, 0, 1, 1, 1], "sum": 5},
  {"roll": [0, 1, 0, 0, 1, 0, 0, 1, 1, 1], "sum": 5},
  {"roll": [1, 1, 0, 0, 1, 0, 0, 1, 1, 1], "sum": 6},
  {"roll": [0, 0, 1, 0, 1, 0, 0, 1, 1, 1], "sum": 5},
  {"roll": [1, 0, 1, 0, 1, 0, 0, 1, 1, 1], "sum": 6},
  {"roll": [0, 1, 1, 0, 1, 0, 0, 1, 1, 1], "sum": 6},
  {"roll": [1, 1, 1, 0, 1, 0, 0, 1, 1, 1], "sum": 7},
  {"roll": [0, 0, 0, 1, 1, 0, 0, 1, 1, 1], "sum": 5},
  {"roll": [1, 0, 0, 1, 1, 0, 0, 1, 1, 1], "sum": 6},
  {"roll": [0, 1, 0, 1, 1, 0, 0, 1, 1, 1], "sum": 6},
  {"roll": [1, 1, 0, 1, 1, 0, 0, 1, 1, 1], "sum": 7},
  {"roll": [0, 0, 1, 1, 1, 0, 0, 1, 1, 1], "sum": 6},
  {"roll": [1, 0, 1, 1, 1, 0, 0, 1, 1, 1], "sum": 7},
  {"roll": [0, 1, 1, 1, 1, 0, 0, 1, 1, 1], "sum": 7},
  {"roll": [1, 1, 1, 1, 1, 0, 0, 1, 1, 1], "sum": 8},
  {"roll": [0, 0, 0, 0, 0, 1, 0, 1, 1, 1], "sum": 4},
  {"roll": [1, 0, 0, 0, 0, 1, 0, 1, 1, 1], "sum": 5},
  {"roll": [0, 1, 0, 0, 0, 1, 0, 1, 1, 1], "sum": 5},
  {"roll": [1, 1, 0, 0, 0, 1, 0, 1, 1, 1], "sum": 6},
  {"roll": [0, 0, 1, 0, 0, 1, 0, 1, 1, 1], "sum": 5},
  {"roll": [1, 0, 1, 0, 0, 1, 0, 1, 1, 1], "sum": 6},
  {"roll": [0, 1, 1, 0, 0, 1, 0, 1, 1, 1], "sum": 6},
  {"roll": [1, 1, 1, 0, 0, 1, 0, 1, 1, 1], "sum": 7},
  {"roll": [0, 0, 0, 1, 0, 1, 0, 1, 1, 1], "sum": 5},
  {"roll": [1, 0, 0, 1, 0, 1, 0, 1, 1, 1], "sum": 6},
  {"roll": [0, 1, 0, 1, 0, 1, 0, 1, 1, 1], "sum": 6},
  {"roll": [1, 1, 0, 1, 0, 1, 0, 1, 1, 1], "sum": 7},
  {"roll": [0, 0, 1, 1, 0, 1, 0, 1, 1, 1], "sum": 6},
  {"roll": [1, 0, 1, 1, 0, 1, 0, 1, 1, 1], "sum": 7},
  {"roll": [0, 1, 1, 1, 0, 1, 0, 1, 1, 1], "sum": 7},
  {"roll": [1, 1, 1, 1, 0, 1, 0, 1, 1, 1], "sum": 8},
  {"roll": [0, 0, 0, 0, 1, 1, 0, 1, 1, 1], "sum": 5},
  {"roll": [1, 0, 0, 0, 1, 1, 0, 1, 1, 1], "sum": 6},
  {"roll": [0, 1, 0, 0, 1, 1, 0, 1, 1, 1], "sum": 6},
  {"roll": [1, 1, 0, 0, 1, 1, 0, 1, 1, 1], "sum": 7},
  {"roll": [0, 0, 1, 0, 1, 1, 0, 1, 1, 1], "sum": 6},
  {"roll": [1, 0, 1, 0, 1, 1, 0, 1, 1, 1], "sum": 7},
  {"roll": [0, 1, 1, 0, 1, 1, 0, 1, 1, 1], "sum": 7},
  {"roll": [1, 1, 1, 0, 1, 1, 0, 1, 1, 1], "sum": 8},
  {"roll": [0, 0, 0, 1, 1, 1, 0, 1, 1, 1], "sum": 6},
  {"roll": [1, 0, 0, 1, 1, 1, 0, 1, 1, 1], "sum": 7},
  {"roll": [0, 1, 0, 1, 1, 1, 0, 1, 1, 1], "sum": 7},
  {"roll": [1, 1, 0, 1, 1, 1, 0, 1, 1, 1], "sum": 8},
  {"roll": [0, 0, 1, 1, 1, 1, 0, 1, 1, 1], "sum": 7},
  {"roll": [1, 0, 1, 1, 1, 1, 0, 1, 1, 1], "sum": 8},
  {"roll": [0, 1, 1, 1, 1, 1, 0, 1, 1, 1], "sum": 8},
  {"roll": [1, 1, 1, 1, 1, 1, 0, 1, 1, 1], "sum": 9},
  {"roll": [0, 0, 0, 0, 0, 0, 1, 1, 1, 1], "sum": 4},
  {"roll": [1, 0, 0, 0, 0, 0, 1, 1, 1, 1], "sum": 5},
  {"roll": [0, 1, 0, 0, 0, 0, 1, 1, 1, 1], "sum": 5},
  {"roll": [1, 1, 0, 0, 0, 0, 1, 1, 1, 1], "sum": 6},
  {"roll": [0, 0, 1, 0, 0, 0, 1, 1, 1, 1], "sum": 5},
  {"roll": [1, 0, 1, 0, 0, 0, 1, 1, 1, 1], "sum": 6},
  {"roll": [0, 1, 1, 0, 0, 0, 1, 1, 1, 1], "sum": 6},
  {"roll": [1, 1, 1, 0, 0, 0, 1, 1, 1, 1], "sum": 7},
  {"roll": [0, 0, 0, 1, 0, 0, 1, 1, 1, 1], "sum": 5},
  {"roll": [1, 0, 0, 1, 0, 0, 1, 1, 1, 1], "sum": 6},
  {"roll": [0, 1, 0, 1, 0, 0, 1, 1, 1, 1], "sum": 6},
  {"roll": [1, 1, 0, 1, 0, 0, 1, 1, 1, 1], "sum": 7},
  {"roll": [0, 0, 1, 1, 0, 0, 1, 1, 1, 1], "sum": 6},
  {"roll": [1, 0, 1, 1, 0, 0, 1, 1, 1, 1], "sum": 7},
  {"roll": [0, 1, 1, 1, 0, 0, 1, 1, 1, 1], "sum": 7},
  {"roll": [1, 1, 1, 1, 0, 0, 1, 1, 1, 1], "sum": 8},
  {"roll": [0, 0, 0, 0, 1, 0, 1, 1, 1, 1], "sum": 5},
  {"roll": [1, 0, 0, 0, 1, 0, 1, 1, 1, 1], "sum": 6},
  {"roll": [0, 1, 0, 0, 1, 0, 1, 1, 1, 1], "sum": 6},
  {"roll": [1, 1, 0, 0, 1, 0, 1, 1, 1, 1], "sum": 7},
  {"roll": [0, 0, 1, 0, 1, 0, 1, 1, 1, 1], "sum": 6},
  {"roll": [1, 0, 1, 0, 1, 0, 1, 1, 1, 1], "sum": 7},
  {"roll": [0, 1, 1, 0, 1, 0, 1, 1, 1, 1], "sum": 7},
  {"roll": [1, 1, 1, 0, 1, 0, 1, 1, 1, 1], "sum": 8},
  {"roll": [0, 0, 0, 1, 1, 0, 1, 1, 1, 1], "sum": 6},
  {"roll": [1, 0, 0, 1, 1, 0, 1, 1, 1, 1], "sum": 7},
  {"roll": [0, 1, 0, 1, 1, 0, 1, 1, 1, 1], "sum": 7},
  {"roll": [1, 1, 0, 1, 1, 0, 1, 1, 1, 1], "sum": 8},
  {"roll": [0, 0, 1, 1, 1, 0, 1, 1, 1, 1], "sum": 7},
  {"roll": [1, 0, 1, 1, 1, 0, 1, 1, 1, 1], "sum": 8},
  {"roll": [0, 1, 1, 1, 1, 0, 1, 1, 1, 1], "sum": 8},
  {"roll": [1, 1, 1, 1, 1, 0, 1, 1, 1, 1], "sum": 9},
  {"roll": [0, 0, 0, 0, 0, 1, 1, 1, 1, 1], "sum": 5},
  {"roll": [1, 0, 0, 0, 0, 1, 1, 1, 1, 1], "sum": 6},
  {"roll": [0, 1, 0, 0, 0, 1, 1, 1, 1, 1], "sum": 6},
  {"roll": [1, 1, 0, 0, 0, 1, 1, 1, 1, 1], "sum": 7},
  {"roll": [0, 0, 1, 0, 0, 1, 1, 1, 1, 1], "sum": 6},
  {"roll": [1, 0, 1, 0, 0, 1, 1, 1, 1, 1], "sum": 7},
  {"roll": [0, 1, 1, 0, 0, 1, 1, 1, 1, 1], "sum": 7},
  {"roll": [1, 1, 1, 0, 0, 1, 1, 1, 1, 1], "sum": 8},
  {"roll": [0, 0, 0, 1, 0, 1, 1, 1, 1, 1], "sum": 6},
  {"roll": [1, 0, 0, 1, 0, 1, 1, 1, 1, 1], "sum": 7},
  {"roll": [0, 1, 0, 1, 0, 1, 1, 1, 1, 1], "sum": 7},
  {"roll": [1, 1, 0, 1, 0, 1, 1, 1, 1, 1], "sum": 8},
  {"roll": [0, 0, 1, 1, 0, 1, 1, 1, 1, 1], "sum": 7},
  {"roll": [1, 0, 1, 1, 0, 1, 1, 1, 1, 1], "sum": 8},
  {"roll": [0, 1, 1, 1, 0, 1, 1, 1, 1, 1], "sum": 8},
  {"roll": [1, 1, 1, 1, 0, 1, 1, 1, 1, 1], "sum": 9},
  {"roll": [0, 0, 0, 0, 1, 1, 1, 1, 1, 1], "sum": 6},
  {"roll": [1, 0, 0, 0, 1, 1, 1, 1, 1, 1], "sum": 7},
  {"roll": [0, 1, 0, 0, 1, 1, 1, 1, 1, 1], "sum": 7},
  {"roll": [1, 1, 0, 0, 1, 1, 1, 1, 1, 1], "sum": 8},
  {"roll": [0, 0, 1, 0, 1, 1, 1, 1, 1, 1], "sum": 7},
  {"roll": [1, 0, 1, 0, 1, 1, 1, 1, 1, 1], "sum": 8},
  {"roll": [0, 1, 1, 0, 1, 1, 1, 1, 1, 1], "sum": 8},
  {"roll": [1, 1, 1, 0, 1, 1, 1, 1, 1, 1], "sum": 9},
  {"roll": [0, 0, 0, 1, 1, 1, 1, 1, 1, 1], "sum": 7},
  {"roll": [1, 0, 0, 1, 1, 1, 1, 1, 1, 1], "sum": 8},
  {"roll": [0, 1, 0, 1, 1, 1, 1, 1, 1, 1], "sum": 8},
  {"roll": [1, 1, 0, 1, 1, 1, 1, 1, 1, 1], "sum": 9},
  {"roll": [0, 0, 1, 1, 1, 1, 1, 1, 1, 1], "sum": 8},
  {"roll": [1, 0, 1, 1, 1, 1, 1, 1, 1, 1], "sum": 9},
  {"roll": [0, 1, 1, 1, 1, 1, 1, 1, 1, 1], "sum": 9},
  {"roll": [1, 1, 1, 1, 1, 1, 1, 1, 1, 1], "sum": 10}
]

